% Transformationsmatrizen vom Lasertracker % Offset vom gemessenen Punkt zum TCP (Tool Center Point) 
offset_matrix = [ -0.49701362232308  0.86768517884150  -0.00999448068099  1.26865378003322; -0.01262360420967  0.00428668059870  0.99991113054421  -176.84570136644879; 0.86765091127829  0.49709561936134  0.00882277562419  -0.45220779281976; 0.00000000000000  0.00000000000000  0.00000000000000  1.00000000000000 ]; 

% Transformation vom Instrumenten- zum Roboterkoordinatensystem 
robot_to_instrument = [ 0.19961097038108  -0.97965992125453  0.02054018478720  3932.91092921742347; 0.97974028685375  0.19988749909771  0.01240798211644  41.21249560268825; -0.01626132895124  0.01764727718471  0.99971202993097  1280.85189175029427; 0.00000000000000 0.00000000000000 0.00000000000000 1.00000000000000 ]; 