% Transformationsmatrizen vom Lasertracker
% Offset vom gemessenen Punkt zum TCP (Tool Center Point) 
offset_matrix = [ 0.86438708557454, 0.50281211890203, -0.00386514905322, 2.03033169724472; 0.00460911190856, -0.00023656732973, 0.99998935000495, -259.22180975225319; 0.50280584958746, -0.86439569476088, -0.00252200306968, -0.17322226424869; 0.00000000000000 0.00000000000000 0.00000000000000 1.00000000000000 ];

% Transformation vom Instrumenten- zum Roboterkoordinatensystem 
robot_to_instrument = [ 0.19965917970950, -0.97965529050036, 0.02029097711782, 3932.51117728921099; 0.97973304306387, 0.19992975929250, 0.01229860471930, 40.96584305115357; -0.01610516335001, 0.01742421142855, 0.99971847065540, 1280.70694263415817; 0.00000000000000, 0.00000000000000, 0.00000000000000, 1.00000000000000 ];