% Transformationsmatrizen vom Lasertracker
% Offset vom gemessenen Punkt zum TCP (Tool Center Point)
offset_matrix = [
    -0.4953962437655 0.86858513039062 -0.01193452669102 20.20231979916309;
    -0.01107406514566 0.00742289449205 0.99991112891022 -176.85585798999296;
    0.86859652701596 0.4954843810875 0.00594149426927 -0.09421686646078;
    0.00000000000000 0.00000000000000 0.00000000000000 1.00000000000000
];

% Transformation vom Instrumenten- zum Roboterkoordinatensystem
robot_to_instrument = [
    0.08479600850715 -0.99621153952621 0.01929262698751 3634.05300441352801;
    0.99622878569477 0.08512286254041 0.01680192923598 699.04309163438575;
    -0.01838051942629 0.0177951338222 0.99967269129344 1277.75300736732174;
    0.00000000000000 0.00000000000000 0.00000000000000 1.00000000000000
];