% Transformationsmatrizen vom Lasertracker
% Offset vom gemessenen Punkt zum TCP (Tool Center Point)
offset_matrix = [
-0.50733494981704 0.86169301350668 -0.00981830779256 1.24943998739809; -0.01260849338520 0.00396976713361 0.99991262960494 -176.85291345478981; 0.86165670344325 0.50741441783090 0.00885064905136 -0.46430332114642; 0.00000000000000 0.00000000000000 0.00000000000000 1.00000000000000];

% Transformation vom Instrumenten- zum Roboterkoordinatensystem
robot_to_instrument = [
0.19951751435155 -0.97967665528906 0.02064975904504 3933.20351127962294; 0.97976236341804 0.19979210913124 0.01219935893349 41.25184566586540; -0.01607708606929 0.01779787095489 0.99971234017241 1280.37937765177503; 0.00000000000000 0.00000000000000 0.00000000000000 1.00000000000000];

