% Transformationsmatrizen vom Lasertracker
% Offset vom gemessenen Punkt zum TCP (Tool Center Point) 
offset_matrix = [ 0.50180324647095 0.86498078520403 -0.00132024960990 1.42257149939371; 0.00194676707541 0.00039694866220 0.99999802626291 -176.02330099398546; 0.86497960203069 -0.50180482626174 -0.00148472598612 -0.03050352907803; 0.00000000000000 0.00000000000000 0.00000000000000 1.00000000000000]; 

% Transformation vom Instrumenten- zum Roboterkoordinatensystem 
robot_to_instrument = [ 0.19966539767086 -0.97965116226359 0.02042863795091 3932.58314045731231; 0.97973153572129 0.19993796378193 0.01228529820290 40.98862897134121; -0.01611976693797 0.01756163188115 0.99971583072368 1280.54113425443757; 0.00000000000000 0.00000000000000 0.00000000000000 1.00000000000000]; 