% Transformationsmatrizen vom Lasertracker
% Offset vom gemessenen Punkt zum TCP (Tool Center Point)
offset_matrix = [
    -0.50666734564757 0.86204728319724 -0.01275470057251 20.69079799632595; -0.01175722452074 0.00788404643264 0.99989979972166 -177.10001497196004; 0.86206146447107 0.50676653731684 0.00614069457705 0.14643268688474; 0.00000000000000 0.00000000000000 0.00000000000000 1.00000000000000 
];

% Transformation vom Instrumenten- zum Roboterkoordinatensystem
robot_to_instrument = [
    0.19948628800605 -0.97968470392084 0.02056943852196 3933.29489725872099; 0.97976873391355 0.19975987610340 0.01221556157478 41.57316925252235; -0.01607634731528 0.01771645570351 0.99971379817141 1280.09172506537493; 0.00000000000000 0.00000000000000 0.00000000000000 1.00000000000000 
];

