% Transformationsmatrizen vom Lasertracker
% Offset vom gemessenen Punkt zum TCP (Tool Center Point)
offset_matrix = [
    -0.50667304857499 0.86204924111502 -0.01239063116844 20.23474206984281; -0.01130064121523 0.00773011458295 0.99990626602530 -176.90021947940932; 0.86206421881195 0.50676557817354 0.00582506846212 -0.07879235287299; 0.00000000000000 0.00000000000000 0.00000000000000 1.00000000000000 
];

% Transformation vom Instrumenten- zum Roboterkoordinatensystem
robot_to_instrument = [
    0.19955206802495 -0.97967025979272 0.02061926828551 3933.26511788506969; 0.97975560685082 0.19982596445807 0.01218748426779 41.18685528571314; -0.01605998105042 0.01776980602223 0.99971311434961 1280.41540617110309; 0.00000000000000 0.00000000000000 0.00000000000000 1.00000000000000 
];

