% Transformationsmatrizen vom Lasertracker
% Offset vom gemessenen Punkt zum TCP (Tool Center Point)
offset_matrix = [
    -0.49646794506312 0.86797124803586 -0.01206201093802 20.15923993520914;
    -0.01103757423601 0.00758219542268 0.99991033711406 -176.89448180892975;
    0.86798487975297 0.49655656565556 0.00581598010435 -0.20846192267220;
    0.00000000000000 0.00000000000000 0.00000000000000 1.00000000000000

];

% Transformation vom Instrumenten- zum Roboterkoordinatensystem
robot_to_instrument = [
    0.08464662262294 -0.99622482623969 0.01926252481472 3633.87661777230051;
    0.99624481798547 0.08496977929709 0.01662525919475 699.29196877805589;
    -0.01819922843470 0.01778291848691 0.99967622553228 1277.96127304069205;
    0.00000000000000 0.00000000000000 0.00000000000000 1.00000000000000
];